16
8
417 884 505 842 689 664 987
2 5
1 8
1 6
1 2
2 3
2 7
1 4
8
557 400 453 301 153 224 313
1 3
1 7
1 2
1 4
1 8
1 6
1 5
8
655 169 787 787 504 102 307
1 2
2 5
1 4
1 7
1 3
5 6
7 8
8
679 93 644 810 205 657 256
1 4
3 6
1 5
1 2
3 7
2 3
1 8
8
673 989 862 395 230 283 846
1 4
1 2
2 3
1 6
2 7
2 5
1 8
8
1 2 3 4 5 6 7
1 2
1 6
2 5
2 3
2 7
1 4
1 8
8
1 2 3 4 5 6 7
1 2
1 6
1 7
1 5
1 8
1 3
1 4
8
216 400 60 55 219 213 975
6 7
1 2
4 5
2 3
7 8
5 6
3 4
8
1 2 3 4 5 6 7
1 5
1 7
1 4
1 3
1 6
1 2
1 8
8
393 618 716 963 704 31 225
1 2
1 3
1 5
1 8
1 4
1 7
1 6
8
1 2 3 4 5 6 7
5 6
7 8
3 4
6 7
2 3
4 5
1 2
8
347 381 829 690 93 634 551
1 2
3 4
6 7
7 8
2 3
5 6
4 5
8
1 2 3 4 5 6 7
2 7
1 4
1 6
2 5
1 8
1 2
2 3
8
1 2 3 4 5 6 7
2 5
5 8
1 4
1 2
2 3
3 6
6 7
8
1 2 3 4 5 6 7
2 3
1 2
1 5
5 8
3 4
6 7
2 6
8
1 2 3 4 5 6 7
4 5
1 2
6 7
7 8
2 3
3 4
5 6
